4.590803945412901821e-01
1.292117229212794149e-01
1.292117229212791929e-01
7.736899687634517242e-02
1.292117229212793317e-01
4.040291308791879588e-02
7.736899687634515854e-02
6.066382709842158688e-02
1.292117229212793594e-01
3.784888259071065436e-02
4.040291308791878200e-02
2.741388331931151126e-02
7.736899687634520018e-02
2.741388331931153208e-02
6.066382709842174648e-02
5.635475069685433325e-02
1.292117229212794427e-01
3.746601148061282777e-02
3.784888259071064048e-02
2.455296744959636554e-02
4.040291308791881669e-02
1.372678135737432324e-02
2.741388331931152861e-02
2.465111740928775316e-02
7.736899687634518630e-02
2.455296744959634819e-02
2.741388331931149738e-02
2.209708691207961859e-02
6.066382709842189913e-02
2.465111740928781908e-02
5.635475069685429855e-02
6.066382709842413345e-02
1.292117229212794149e-01
3.784888259071061967e-02
3.746601148061280001e-02
2.455296744959634472e-02
3.784888259071063354e-02
1.282839805278650561e-02
2.455296744959633085e-02
2.209708691207952491e-02
4.040291308791886526e-02
1.282839805278651601e-02
1.372678135737435967e-02
1.101935077197027484e-02
2.741388331931152514e-02
1.129476182142020654e-02
2.465111740928787806e-02
2.741388331931267699e-02
7.736899687634528344e-02
2.455296744959636554e-02
2.455296744959637595e-02
1.916018530477353252e-02
2.741388331931156330e-02
1.101935077197031647e-02
2.209708691207966022e-02
2.455296744959754862e-02
6.066382709842201709e-02
2.209708691207952838e-02
2.465111740928788500e-02
2.455296744959755209e-02
5.635475069685443733e-02
2.741388331931271863e-02
6.066382709842421672e-02
7.736899687635104272e-02
1.292117229212793872e-01
4.040291308791881669e-02
3.784888259071060579e-02
2.741388331931149738e-02
3.746601148061273756e-02
1.372678135737435100e-02
2.455296744959632391e-02
2.465111740928777398e-02
3.784888259071063354e-02
1.282839805278650387e-02
1.282839805278647612e-02
1.129476182142016664e-02
2.455296744959635513e-02
1.101935077197028871e-02
2.209708691207955614e-02
2.741388331931268393e-02
4.040291308791883751e-02
1.372678135737433885e-02
1.282839805278647959e-02
1.101935077197031820e-02
1.372678135737438569e-02
6.016671364869892458e-03
1.101935077197031647e-02
1.372678135737500499e-02
2.741388331931157371e-02
1.101935077197027657e-02
1.129476182142023603e-02
1.282839805278718041e-02
2.465111740928787459e-02
1.372678135737504836e-02
2.741388331931273944e-02
4.040291308792198083e-02
7.736899687634554712e-02
2.741388331931158759e-02
2.455296744959634819e-02
2.209708691207961859e-02
2.455296744959641758e-02
1.101935077197029392e-02
1.916018530477352211e-02
2.455296744959746882e-02
2.741388331931158412e-02
1.129476182142014756e-02
1.101935077197033035e-02
1.282839805278717174e-02
2.209708691207966716e-02
1.282839805278717521e-02
2.455296744959757291e-02
3.784888259071374217e-02
6.066382709842200321e-02
2.465111740928789541e-02
2.209708691207966022e-02
2.455296744959755903e-02
2.465111740928781908e-02
1.372678135737503101e-02
2.455296744959755209e-02
3.746601148061582537e-02
5.635475069685447896e-02
2.741388331931272904e-02
2.741388331931276373e-02
3.784888259071375605e-02
6.066382709842424448e-02
4.040291308792198777e-02
7.736899687635116762e-02
1.292117229212918217e-01
1.292117229212793039e-01
7.736899687634515854e-02
4.040291308791882363e-02
6.066382709842173260e-02
3.784888259071056416e-02
2.741388331931146963e-02
2.741388331931147310e-02
5.635475069685415977e-02
3.746601148061273062e-02
2.455296744959627880e-02
1.372678135737433365e-02
2.465111740928779827e-02
2.455296744959633778e-02
2.209708691207959430e-02
2.465111740928775316e-02
6.066382709842412652e-02
3.784888259071066824e-02
2.455296744959629615e-02
1.282839805278646571e-02
2.209708691207959083e-02
1.282839805278649520e-02
1.101935077197030606e-02
1.129476182142020481e-02
2.741388331931268393e-02
2.455296744959634125e-02
1.916018530477351170e-02
1.101935077197032167e-02
2.455296744959748270e-02
2.209708691207958389e-02
2.455296744959755209e-02
2.741388331931264924e-02
7.736899687635080680e-02
4.040291308791885139e-02
2.741388331931152514e-02
1.372678135737429722e-02
2.465111740928780520e-02
1.282839805278651428e-02
1.129476182142021175e-02
1.101935077197036678e-02
2.741388331931267353e-02
1.372678135737430936e-02
1.101935077197031126e-02
6.016671364870088481e-03
1.372678135737497029e-02
1.101935077197035810e-02
1.282839805278716133e-02
1.372678135737499805e-02
4.040291308792202246e-02
2.741388331931157024e-02
2.209708691207962206e-02
1.101935077197038239e-02
2.455296744959755556e-02
1.129476182142025165e-02
1.282839805278714919e-02
1.282839805278711276e-02
3.784888259071373523e-02
2.465111740928786419e-02
2.455296744959752434e-02
1.372678135737500325e-02
3.746601148061592251e-02
2.741388331931274985e-02
3.784888259071377686e-02
4.040291308792202246e-02
1.292117229212920437e-01
7.736899687634528344e-02
6.066382709842174648e-02
2.741388331931150085e-02
5.635475069685440264e-02
2.455296744959633085e-02
2.465111740928784684e-02
2.209708691207960471e-02
6.066382709842407794e-02
2.455296744959635166e-02
2.209708691207956655e-02
1.101935077197030953e-02
2.741388331931268046e-02
1.916018530477354639e-02
2.455296744959748270e-02
2.455296744959750005e-02
7.736899687635080680e-02
2.741388331931156677e-02
2.465111740928787806e-02
1.129476182142029328e-02
2.741388331931277067e-02
1.101935077197030086e-02
1.372678135737499631e-02
1.282839805278712317e-02
4.040291308792200858e-02
2.209708691207972267e-02
2.455296744959751740e-02
1.282839805278715092e-02
3.784888259071374911e-02
2.455296744959758679e-02
3.746601148061595721e-02
3.784888259071378380e-02
1.292117229212919327e-01
6.066382709842205873e-02
5.635475069685443733e-02
2.465111740928786765e-02
6.066382709842416121e-02
2.209708691207960124e-02
2.741388331931274291e-02
2.455296744959749311e-02
7.736899687635094558e-02
2.465111740928790582e-02
2.741388331931272557e-02
1.372678135737498591e-02
4.040291308792195307e-02
2.455296744959757638e-02
3.784888259071377686e-02
3.746601148061590864e-02
1.292117229212918217e-01
5.635475069685452754e-02
6.066382709842441101e-02
2.741388331931273598e-02
7.736899687635120926e-02
2.741388331931277067e-02
4.040291308792205716e-02
3.784888259071370747e-02
1.292117229212919605e-01
6.066382709842439713e-02
7.736899687635101497e-02
4.040291308792206409e-02
1.292117229212919605e-01
7.736899687635116762e-02
1.292117229212920437e-01
1.292117229212920437e-01
4.590803945413390319e-01
